12345
12354
12534
15234
51234
12435
12453
12543
15243
51243
14235
14253
14523
15423
51423
41235
41253
41523
45123
54123
13245
13254
13524
15324
51324
13425
13452
13542
15342
51342
14325
14352
14532
15432
51432
41325
41352
41532
45132
54132
31245
31254
31524
35124
53124
31425
31452
31542
35142
53142
34125
34152
34512
35412
53412
43125
43152
43512
45312
54312
21345
21354
21534
25134
52134
21435
21453
21543
25143
52143
24135
24153
24513
25413
52413
42135
42153
42513
45213
54213
23145
23154
23514
25314
52314
23415
23451
23541
25341
52341
24315
24351
24531
25431
52431
42315
42351
42531
45231
54231
32145
32154
32514
35214
53214
32415
32451
32541
35241
53241
34215
34251
34521
35421
53421
43215
43251
43521
45321
54321
